dteday,season,year,month,holiday,one_of_week,workingday,weather_situation,temp,atemp,humidity,casual,registered,count_cr
2011-01-01,Spring,2011,Jan,0,Saturday,0,Misty,0.344167,0.363625,0.805833,331,654,985
2011-01-02,Spring,2011,Jan,0,Sunday,0,Misty,0.363478,0.353739,0.696087,131,670,801
2011-01-03,Spring,2011,Jan,0,Monday,1,Clear,0.196364,0.189405,0.437273,120,1229,1349
2011-01-04,Spring,2011,Jan,0,Tuesday,1,Clear,0.2,0.212122,0.590435,108,1454,1562
2011-01-05,Spring,2011,Jan,0,Wednesday,1,Clear,0.226957,0.22927,0.436957,82,1518,1600
2011-01-06,Spring,2011,Jan,0,Thursday,1,Clear,0.204348,0.233209,0.518261,88,1518,1606
2011-01-07,Spring,2011,Jan,0,Friday,1,Misty,0.196522,0.208839,0.498696,148,1362,1510
2011-01-08,Spring,2011,Jan,0,Saturday,0,Misty,0.165,0.162254,0.535833,68,891,959
2011-01-09,Spring,2011,Jan,0,Sunday,0,Clear,0.138333,0.116175,0.434167,54,768,822
2011-01-10,Spring,2011,Jan,0,Monday,1,Clear,0.150833,0.150888,0.482917,41,1280,1321
2011-01-11,Spring,2011,Jan,0,Tuesday,1,Misty,0.169091,0.191464,0.686364,43,1220,1263
2011-01-12,Spring,2011,Jan,0,Wednesday,1,Clear,0.172727,0.160473,0.599545,25,1137,1162
2011-01-13,Spring,2011,Jan,0,Thursday,1,Clear,0.165,0.150883,0.470417,38,1368,1406
2011-01-14,Spring,2011,Jan,0,Friday,1,Clear,0.16087,0.188413,0.537826,54,1367,1421
2011-01-15,Spring,2011,Jan,0,Saturday,0,Misty,0.233333,0.248112,0.49875,222,1026,1248
2011-01-16,Spring,2011,Jan,0,Sunday,0,Clear,0.231667,0.234217,0.48375,251,953,1204
2011-01-17,Spring,2011,Jan,1,Monday,0,Misty,0.175833,0.176771,0.5375,117,883,1000
2011-01-18,Spring,2011,Jan,0,Tuesday,1,Misty,0.216667,0.232333,0.861667,9,674,683
2011-01-19,Spring,2011,Jan,0,Wednesday,1,Misty,0.292174,0.298422,0.741739,78,1572,1650
2011-01-20,Spring,2011,Jan,0,Thursday,1,Misty,0.261667,0.25505,0.538333,83,1844,1927
2011-01-21,Spring,2011,Jan,0,Friday,1,Clear,0.1775,0.157833,0.457083,75,1468,1543
2011-01-22,Spring,2011,Jan,0,Saturday,0,Clear,0.0591304,0.0790696,0.4,93,888,981
2011-01-23,Spring,2011,Jan,0,Sunday,0,Clear,0.0965217,0.0988391,0.436522,150,836,986
2011-01-24,Spring,2011,Jan,0,Monday,1,Clear,0.0973913,0.11793,0.491739,86,1330,1416
2011-01-25,Spring,2011,Jan,0,Tuesday,1,Misty,0.223478,0.234526,0.616957,186,1799,1985
2011-01-26,Spring,2011,Jan,0,Wednesday,1,Light Snow,0.2175,0.2036,0.8625,34,472,506
2011-01-27,Spring,2011,Jan,0,Thursday,1,Clear,0.195,0.2197,0.6875,15,416,431
2011-01-28,Spring,2011,Jan,0,Friday,1,Misty,0.203478,0.223317,0.793043,38,1129,1167
2011-01-29,Spring,2011,Jan,0,Saturday,0,Clear,0.196522,0.212126,0.651739,123,975,1098
2011-01-30,Spring,2011,Jan,0,Sunday,0,Clear,0.216522,0.250322,0.722174,140,956,1096
2011-01-31,Spring,2011,Jan,0,Monday,1,Misty,0.180833,0.18625,0.60375,42,1459,1501
2011-02-01,Spring,2011,Feb,0,Tuesday,1,Misty,0.192174,0.23453,0.829565,47,1313,1360
2011-02-02,Spring,2011,Feb,0,Wednesday,1,Misty,0.26,0.254417,0.775417,72,1454,1526
2011-02-03,Spring,2011,Feb,0,Thursday,1,Clear,0.186957,0.177878,0.437826,61,1489,1550
2011-02-04,Spring,2011,Feb,0,Friday,1,Misty,0.211304,0.228587,0.585217,88,1620,1708
2011-02-05,Spring,2011,Feb,0,Saturday,0,Misty,0.233333,0.243058,0.929167,100,905,1005
2011-02-06,Spring,2011,Feb,0,Sunday,0,Clear,0.285833,0.291671,0.568333,354,1269,1623
2011-02-07,Spring,2011,Feb,0,Monday,1,Clear,0.271667,0.303658,0.738333,120,1592,1712
2011-02-08,Spring,2011,Feb,0,Tuesday,1,Clear,0.220833,0.198246,0.537917,64,1466,1530
2011-02-09,Spring,2011,Feb,0,Wednesday,1,Misty,0.134783,0.144283,0.494783,53,1552,1605
2011-02-10,Spring,2011,Feb,0,Thursday,1,Clear,0.144348,0.149548,0.437391,47,1491,1538
2011-02-11,Spring,2011,Feb,0,Friday,1,Clear,0.189091,0.213509,0.506364,149,1597,1746
2011-02-12,Spring,2011,Feb,0,Saturday,0,Clear,0.2225,0.232954,0.544167,288,1184,1472
2011-02-13,Spring,2011,Feb,0,Sunday,0,Clear,0.316522,0.324113,0.457391,397,1192,1589
2011-02-14,Spring,2011,Feb,0,Monday,1,Clear,0.415,0.39835,0.375833,208,1705,1913
2011-02-15,Spring,2011,Feb,0,Tuesday,1,Clear,0.266087,0.254274,0.314348,140,1675,1815
2011-02-16,Spring,2011,Feb,0,Wednesday,1,Clear,0.318261,0.3162,0.423478,218,1897,2115
2011-02-17,Spring,2011,Feb,0,Thursday,1,Clear,0.435833,0.428658,0.505,259,2216,2475
2011-02-18,Spring,2011,Feb,0,Friday,1,Clear,0.521667,0.511983,0.516667,579,2348,2927
2011-02-19,Spring,2011,Feb,0,Saturday,0,Clear,0.399167,0.391404,0.187917,532,1103,1635
2011-02-20,Spring,2011,Feb,0,Sunday,0,Clear,0.285217,0.27733,0.407826,639,1173,1812
2011-02-21,Spring,2011,Feb,1,Monday,0,Misty,0.303333,0.284075,0.605,195,912,1107
2011-02-22,Spring,2011,Feb,0,Tuesday,1,Clear,0.182222,0.186033,0.577778,74,1376,1450
2011-02-23,Spring,2011,Feb,0,Wednesday,1,Clear,0.221739,0.245717,0.423043,139,1778,1917
2011-02-24,Spring,2011,Feb,0,Thursday,1,Misty,0.295652,0.289191,0.697391,100,1707,1807
2011-02-25,Spring,2011,Feb,0,Friday,1,Misty,0.364348,0.350461,0.712174,120,1341,1461
2011-02-26,Spring,2011,Feb,0,Saturday,0,Clear,0.2825,0.282192,0.537917,424,1545,1969
2011-02-27,Spring,2011,Feb,0,Sunday,0,Clear,0.343478,0.351109,0.68,694,1708,2402
2011-02-28,Spring,2011,Feb,0,Monday,1,Misty,0.407273,0.400118,0.876364,81,1365,1446
2011-03-01,Spring,2011,Mar,0,Tuesday,1,Clear,0.266667,0.263879,0.535,137,1714,1851
2011-03-02,Spring,2011,Mar,0,Wednesday,1,Clear,0.335,0.320071,0.449583,231,1903,2134
2011-03-03,Spring,2011,Mar,0,Thursday,1,Clear,0.198333,0.200133,0.318333,123,1562,1685
2011-03-04,Spring,2011,Mar,0,Friday,1,Misty,0.261667,0.255679,0.610417,214,1730,1944
2011-03-05,Spring,2011,Mar,0,Saturday,0,Misty,0.384167,0.378779,0.789167,640,1437,2077
2011-03-06,Spring,2011,Mar,0,Sunday,0,Misty,0.376522,0.366252,0.948261,114,491,605
2011-03-07,Spring,2011,Mar,0,Monday,1,Clear,0.261739,0.238461,0.551304,244,1628,1872
2011-03-08,Spring,2011,Mar,0,Tuesday,1,Clear,0.2925,0.3024,0.420833,316,1817,2133
2011-03-09,Spring,2011,Mar,0,Wednesday,1,Misty,0.295833,0.286608,0.775417,191,1700,1891
2011-03-10,Spring,2011,Mar,0,Thursday,1,Light Snow,0.389091,0.385668,0.0,46,577,623
2011-03-11,Spring,2011,Mar,0,Friday,1,Misty,0.316522,0.305,0.649565,247,1730,1977
2011-03-12,Spring,2011,Mar,0,Saturday,0,Clear,0.329167,0.32575,0.594583,724,1408,2132
2011-03-13,Spring,2011,Mar,0,Sunday,0,Clear,0.384348,0.380091,0.527391,982,1435,2417
2011-03-14,Spring,2011,Mar,0,Monday,1,Clear,0.325217,0.332,0.496957,359,1687,2046
2011-03-15,Spring,2011,Mar,0,Tuesday,1,Misty,0.317391,0.318178,0.655652,289,1767,2056
2011-03-16,Spring,2011,Mar,0,Wednesday,1,Misty,0.365217,0.36693,0.776522,321,1871,2192
2011-03-17,Spring,2011,Mar,0,Thursday,1,Clear,0.415,0.410333,0.602917,424,2320,2744
2011-03-18,Spring,2011,Mar,0,Friday,1,Clear,0.54,0.527009,0.525217,884,2355,3239
2011-03-19,Spring,2011,Mar,0,Saturday,0,Clear,0.4725,0.466525,0.379167,1424,1693,3117
2011-03-20,Spring,2011,Mar,0,Sunday,0,Clear,0.3325,0.32575,0.47375,1047,1424,2471
2011-03-21,Summer,2011,Mar,0,Monday,1,Misty,0.430435,0.409735,0.737391,401,1676,2077
2011-03-22,Summer,2011,Mar,0,Tuesday,1,Clear,0.441667,0.440642,0.624583,460,2243,2703
2011-03-23,Summer,2011,Mar,0,Wednesday,1,Misty,0.346957,0.337939,0.839565,203,1918,2121
2011-03-24,Summer,2011,Mar,0,Thursday,1,Misty,0.285,0.270833,0.805833,166,1699,1865
2011-03-25,Summer,2011,Mar,0,Friday,1,Clear,0.264167,0.256312,0.495,300,1910,2210
2011-03-26,Summer,2011,Mar,0,Saturday,0,Clear,0.265833,0.257571,0.394167,981,1515,2496
2011-03-27,Summer,2011,Mar,0,Sunday,0,Misty,0.253043,0.250339,0.493913,472,1221,1693
2011-03-28,Summer,2011,Mar,0,Monday,1,Clear,0.264348,0.257574,0.302174,222,1806,2028
2011-03-29,Summer,2011,Mar,0,Tuesday,1,Clear,0.3025,0.292908,0.314167,317,2108,2425
2011-03-30,Summer,2011,Mar,0,Wednesday,1,Misty,0.3,0.29735,0.646667,168,1368,1536
2011-03-31,Summer,2011,Mar,0,Thursday,1,Light Snow,0.268333,0.257575,0.918333,179,1506,1685
2011-04-01,Summer,2011,Apr,0,Friday,1,Misty,0.3,0.283454,0.68625,307,1920,2227
2011-04-02,Summer,2011,Apr,0,Saturday,0,Misty,0.315,0.315637,0.65375,898,1354,2252
2011-04-03,Summer,2011,Apr,0,Sunday,0,Clear,0.378333,0.378767,0.48,1651,1598,3249
2011-04-04,Summer,2011,Apr,0,Monday,1,Clear,0.573333,0.542929,0.42625,734,2381,3115
2011-04-05,Summer,2011,Apr,0,Tuesday,1,Misty,0.414167,0.39835,0.642083,167,1628,1795
2011-04-06,Summer,2011,Apr,0,Wednesday,1,Clear,0.390833,0.387608,0.470833,413,2395,2808
2011-04-07,Summer,2011,Apr,0,Thursday,1,Clear,0.4375,0.433696,0.602917,571,2570,3141
2011-04-08,Summer,2011,Apr,0,Friday,1,Misty,0.335833,0.324479,0.83625,172,1299,1471
2011-04-09,Summer,2011,Apr,0,Saturday,0,Misty,0.3425,0.341529,0.8775,879,1576,2455
2011-04-10,Summer,2011,Apr,0,Sunday,0,Misty,0.426667,0.426737,0.8575,1188,1707,2895
2011-04-11,Summer,2011,Apr,0,Monday,1,Misty,0.595652,0.565217,0.716956,855,2493,3348
2011-04-12,Summer,2011,Apr,0,Tuesday,1,Misty,0.5025,0.493054,0.739167,257,1777,2034
2011-04-13,Summer,2011,Apr,0,Wednesday,1,Misty,0.4125,0.417283,0.819167,209,1953,2162
2011-04-14,Summer,2011,Apr,0,Thursday,1,Clear,0.4675,0.462742,0.540417,529,2738,3267
2011-04-15,Summer,2011,Apr,1,Friday,0,Clear,0.446667,0.441913,0.67125,642,2484,3126
2011-04-16,Summer,2011,Apr,0,Saturday,0,Light Snow,0.430833,0.425492,0.888333,121,674,795
2011-04-17,Summer,2011,Apr,0,Sunday,0,Clear,0.456667,0.445696,0.479583,1558,2186,3744
2011-04-18,Summer,2011,Apr,0,Monday,1,Clear,0.5125,0.503146,0.5425,669,2760,3429
2011-04-19,Summer,2011,Apr,0,Tuesday,1,Misty,0.505833,0.489258,0.665833,409,2795,3204
2011-04-20,Summer,2011,Apr,0,Wednesday,1,Clear,0.595,0.564392,0.614167,613,3331,3944
2011-04-21,Summer,2011,Apr,0,Thursday,1,Clear,0.459167,0.453892,0.407083,745,3444,4189
2011-04-22,Summer,2011,Apr,0,Friday,1,Misty,0.336667,0.321954,0.729583,177,1506,1683
2011-04-23,Summer,2011,Apr,0,Saturday,0,Misty,0.46,0.450121,0.887917,1462,2574,4036
2011-04-24,Summer,2011,Apr,0,Sunday,0,Misty,0.581667,0.551763,0.810833,1710,2481,4191
2011-04-25,Summer,2011,Apr,0,Monday,1,Clear,0.606667,0.5745,0.776667,773,3300,4073
2011-04-26,Summer,2011,Apr,0,Tuesday,1,Clear,0.631667,0.594083,0.729167,678,3722,4400
2011-04-27,Summer,2011,Apr,0,Wednesday,1,Misty,0.62,0.575142,0.835417,547,3325,3872
2011-04-28,Summer,2011,Apr,0,Thursday,1,Misty,0.6175,0.578929,0.700833,569,3489,4058
2011-04-29,Summer,2011,Apr,0,Friday,1,Clear,0.51,0.497463,0.457083,878,3717,4595
2011-04-30,Summer,2011,Apr,0,Saturday,0,Clear,0.4725,0.464021,0.503333,1965,3347,5312
2011-05-01,Summer,2011,May,0,Sunday,0,Misty,0.451667,0.448204,0.762083,1138,2213,3351
2011-05-02,Summer,2011,May,0,Monday,1,Misty,0.549167,0.532833,0.73,847,3554,4401
2011-05-03,Summer,2011,May,0,Tuesday,1,Misty,0.616667,0.582079,0.697083,603,3848,4451
2011-05-04,Summer,2011,May,0,Wednesday,1,Misty,0.414167,0.40465,0.737083,255,2378,2633
2011-05-05,Summer,2011,May,0,Thursday,1,Clear,0.459167,0.441917,0.444167,614,3819,4433
2011-05-06,Summer,2011,May,0,Friday,1,Clear,0.479167,0.474117,0.59,894,3714,4608
2011-05-07,Summer,2011,May,0,Saturday,0,Clear,0.52,0.512621,0.54125,1612,3102,4714
2011-05-08,Summer,2011,May,0,Sunday,0,Clear,0.528333,0.518933,0.631667,1401,2932,4333
2011-05-09,Summer,2011,May,0,Monday,1,Clear,0.5325,0.525246,0.58875,664,3698,4362
2011-05-10,Summer,2011,May,0,Tuesday,1,Clear,0.5325,0.522721,0.489167,694,4109,4803
2011-05-11,Summer,2011,May,0,Wednesday,1,Clear,0.5425,0.5284,0.632917,550,3632,4182
2011-05-12,Summer,2011,May,0,Thursday,1,Clear,0.535,0.523363,0.7475,695,4169,4864
2011-05-13,Summer,2011,May,0,Friday,1,Misty,0.5125,0.4943,0.863333,692,3413,4105
2011-05-14,Summer,2011,May,0,Saturday,0,Misty,0.520833,0.500629,0.9225,902,2507,3409
2011-05-15,Summer,2011,May,0,Sunday,0,Misty,0.5625,0.536,0.867083,1582,2971,4553
2011-05-16,Summer,2011,May,0,Monday,1,Clear,0.5775,0.550512,0.787917,773,3185,3958
2011-05-17,Summer,2011,May,0,Tuesday,1,Misty,0.561667,0.538529,0.837917,678,3445,4123
2011-05-18,Summer,2011,May,0,Wednesday,1,Misty,0.55,0.527158,0.87,536,3319,3855
2011-05-19,Summer,2011,May,0,Thursday,1,Misty,0.530833,0.510742,0.829583,735,3840,4575
2011-05-20,Summer,2011,May,0,Friday,1,Clear,0.536667,0.529042,0.719583,909,4008,4917
2011-05-21,Summer,2011,May,0,Saturday,0,Clear,0.6025,0.571975,0.626667,2258,3547,5805
2011-05-22,Summer,2011,May,0,Sunday,0,Clear,0.604167,0.5745,0.749583,1576,3084,4660
2011-05-23,Summer,2011,May,0,Monday,1,Misty,0.631667,0.590296,0.81,836,3438,4274
2011-05-24,Summer,2011,May,0,Tuesday,1,Misty,0.66,0.604813,0.740833,659,3833,4492
2011-05-25,Summer,2011,May,0,Wednesday,1,Clear,0.660833,0.615542,0.69625,740,4238,4978
2011-05-26,Summer,2011,May,0,Thursday,1,Clear,0.708333,0.654688,0.6775,758,3919,4677
2011-05-27,Summer,2011,May,0,Friday,1,Clear,0.681667,0.637008,0.65375,871,3808,4679
2011-05-28,Summer,2011,May,0,Saturday,0,Clear,0.655833,0.612379,0.729583,2001,2757,4758
2011-05-29,Summer,2011,May,0,Sunday,0,Clear,0.6675,0.61555,0.81875,2355,2433,4788
2011-05-30,Summer,2011,May,1,Monday,0,Clear,0.733333,0.671092,0.685,1549,2549,4098
2011-05-31,Summer,2011,May,0,Tuesday,1,Clear,0.775,0.725383,0.636667,673,3309,3982
2011-06-01,Summer,2011,Jun,0,Wednesday,1,Misty,0.764167,0.720967,0.677083,513,3461,3974
2011-06-02,Summer,2011,Jun,0,Thursday,1,Clear,0.715,0.643942,0.305,736,4232,4968
2011-06-03,Summer,2011,Jun,0,Friday,1,Clear,0.62,0.587133,0.354167,898,4414,5312
2011-06-04,Summer,2011,Jun,0,Saturday,0,Clear,0.635,0.594696,0.45625,1869,3473,5342
2011-06-05,Summer,2011,Jun,0,Sunday,0,Misty,0.648333,0.616804,0.6525,1685,3221,4906
2011-06-06,Summer,2011,Jun,0,Monday,1,Clear,0.678333,0.621858,0.6,673,3875,4548
2011-06-07,Summer,2011,Jun,0,Tuesday,1,Clear,0.7075,0.65595,0.597917,763,4070,4833
2011-06-08,Summer,2011,Jun,0,Wednesday,1,Clear,0.775833,0.727279,0.622083,676,3725,4401
2011-06-09,Summer,2011,Jun,0,Thursday,1,Misty,0.808333,0.757579,0.568333,563,3352,3915
2011-06-10,Summer,2011,Jun,0,Friday,1,Clear,0.755,0.703292,0.605,815,3771,4586
2011-06-11,Summer,2011,Jun,0,Saturday,0,Clear,0.725,0.678038,0.654583,1729,3237,4966
2011-06-12,Summer,2011,Jun,0,Sunday,0,Clear,0.6925,0.643325,0.747917,1467,2993,4460
2011-06-13,Summer,2011,Jun,0,Monday,1,Clear,0.635,0.601654,0.494583,863,4157,5020
2011-06-14,Summer,2011,Jun,0,Tuesday,1,Clear,0.604167,0.591546,0.507083,727,4164,4891
2011-06-15,Summer,2011,Jun,0,Wednesday,1,Clear,0.626667,0.587754,0.471667,769,4411,5180
2011-06-16,Summer,2011,Jun,0,Thursday,1,Misty,0.628333,0.595346,0.688333,545,3222,3767
2011-06-17,Summer,2011,Jun,0,Friday,1,Clear,0.649167,0.600383,0.735833,863,3981,4844
2011-06-18,Summer,2011,Jun,0,Saturday,0,Clear,0.696667,0.643954,0.670417,1807,3312,5119
2011-06-19,Summer,2011,Jun,0,Sunday,0,Misty,0.699167,0.645846,0.666667,1639,3105,4744
2011-06-20,Summer,2011,Jun,0,Monday,1,Misty,0.635,0.595346,0.74625,699,3311,4010
2011-06-21,Fall,2011,Jun,0,Tuesday,1,Misty,0.680833,0.637646,0.770417,774,4061,4835
2011-06-22,Fall,2011,Jun,0,Wednesday,1,Clear,0.733333,0.693829,0.7075,661,3846,4507
2011-06-23,Fall,2011,Jun,0,Thursday,1,Misty,0.728333,0.693833,0.703333,746,4044,4790
2011-06-24,Fall,2011,Jun,0,Friday,1,Clear,0.724167,0.656583,0.573333,969,4022,4991
2011-06-25,Fall,2011,Jun,0,Saturday,0,Clear,0.695,0.643313,0.483333,1782,3420,5202
2011-06-26,Fall,2011,Jun,0,Sunday,0,Clear,0.68,0.637629,0.513333,1920,3385,5305
2011-06-27,Fall,2011,Jun,0,Monday,1,Misty,0.6825,0.637004,0.658333,854,3854,4708
2011-06-28,Fall,2011,Jun,0,Tuesday,1,Clear,0.744167,0.692558,0.634167,732,3916,4648
2011-06-29,Fall,2011,Jun,0,Wednesday,1,Clear,0.728333,0.654688,0.497917,848,4377,5225
2011-06-30,Fall,2011,Jun,0,Thursday,1,Clear,0.696667,0.637008,0.434167,1027,4488,5515
2011-07-01,Fall,2011,Jul,0,Friday,1,Clear,0.7225,0.652162,0.39625,1246,4116,5362
2011-07-02,Fall,2011,Jul,0,Saturday,0,Clear,0.738333,0.667308,0.444583,2204,2915,5119
2011-07-03,Fall,2011,Jul,0,Sunday,0,Misty,0.716667,0.668575,0.6825,2282,2367,4649
2011-07-04,Fall,2011,Jul,1,Monday,0,Misty,0.726667,0.665417,0.637917,3065,2978,6043
2011-07-05,Fall,2011,Jul,0,Tuesday,1,Clear,0.746667,0.696338,0.590417,1031,3634,4665
2011-07-06,Fall,2011,Jul,0,Wednesday,1,Clear,0.72,0.685633,0.743333,784,3845,4629
2011-07-07,Fall,2011,Jul,0,Thursday,1,Clear,0.75,0.686871,0.65125,754,3838,4592
2011-07-08,Fall,2011,Jul,0,Friday,1,Misty,0.709167,0.670483,0.757917,692,3348,4040
2011-07-09,Fall,2011,Jul,0,Saturday,0,Clear,0.733333,0.664158,0.609167,1988,3348,5336
2011-07-10,Fall,2011,Jul,0,Sunday,0,Clear,0.7475,0.690025,0.578333,1743,3138,4881
2011-07-11,Fall,2011,Jul,0,Monday,1,Clear,0.7625,0.729804,0.635833,723,3363,4086
2011-07-12,Fall,2011,Jul,0,Tuesday,1,Clear,0.794167,0.739275,0.559167,662,3596,4258
2011-07-13,Fall,2011,Jul,0,Wednesday,1,Clear,0.746667,0.689404,0.631667,748,3594,4342
2011-07-14,Fall,2011,Jul,0,Thursday,1,Clear,0.680833,0.635104,0.47625,888,4196,5084
2011-07-15,Fall,2011,Jul,0,Friday,1,Clear,0.663333,0.624371,0.59125,1318,4220,5538
2011-07-16,Fall,2011,Jul,0,Saturday,0,Clear,0.686667,0.638263,0.585,2418,3505,5923
2011-07-17,Fall,2011,Jul,0,Sunday,0,Clear,0.719167,0.669833,0.604167,2006,3296,5302
2011-07-18,Fall,2011,Jul,0,Monday,1,Clear,0.746667,0.703925,0.65125,841,3617,4458
2011-07-19,Fall,2011,Jul,0,Tuesday,1,Clear,0.776667,0.747479,0.650417,752,3789,4541
2011-07-20,Fall,2011,Jul,0,Wednesday,1,Clear,0.768333,0.74685,0.707083,644,3688,4332
2011-07-21,Fall,2011,Jul,0,Thursday,1,Misty,0.815,0.826371,0.69125,632,3152,3784
2011-07-22,Fall,2011,Jul,0,Friday,1,Clear,0.848333,0.840896,0.580417,562,2825,3387
2011-07-23,Fall,2011,Jul,0,Saturday,0,Clear,0.849167,0.804287,0.5,987,2298,3285
2011-07-24,Fall,2011,Jul,0,Sunday,0,Clear,0.83,0.794829,0.550833,1050,2556,3606
2011-07-25,Fall,2011,Jul,0,Monday,1,Clear,0.743333,0.720958,0.757083,568,3272,3840
2011-07-26,Fall,2011,Jul,0,Tuesday,1,Clear,0.771667,0.696979,0.540833,750,3840,4590
2011-07-27,Fall,2011,Jul,0,Wednesday,1,Clear,0.775,0.690667,0.402917,755,3901,4656
2011-07-28,Fall,2011,Jul,0,Thursday,1,Clear,0.779167,0.7399,0.583333,606,3784,4390
2011-07-29,Fall,2011,Jul,0,Friday,1,Clear,0.838333,0.785967,0.5425,670,3176,3846
2011-07-30,Fall,2011,Jul,0,Saturday,0,Clear,0.804167,0.728537,0.465833,1559,2916,4475
2011-07-31,Fall,2011,Jul,0,Sunday,0,Clear,0.805833,0.729796,0.480833,1524,2778,4302
2011-08-01,Fall,2011,Aug,0,Monday,1,Clear,0.771667,0.703292,0.550833,729,3537,4266
2011-08-02,Fall,2011,Aug,0,Tuesday,1,Clear,0.783333,0.707071,0.49125,801,4044,4845
2011-08-03,Fall,2011,Aug,0,Wednesday,1,Misty,0.731667,0.679937,0.6575,467,3107,3574
2011-08-04,Fall,2011,Aug,0,Thursday,1,Misty,0.71,0.664788,0.7575,799,3777,4576
2011-08-05,Fall,2011,Aug,0,Friday,1,Clear,0.710833,0.656567,0.630833,1023,3843,4866
2011-08-06,Fall,2011,Aug,0,Saturday,0,Misty,0.716667,0.676154,0.755,1521,2773,4294
2011-08-07,Fall,2011,Aug,0,Sunday,0,Clear,0.7425,0.715292,0.752917,1298,2487,3785
2011-08-08,Fall,2011,Aug,0,Monday,1,Clear,0.765,0.703283,0.592083,846,3480,4326
2011-08-09,Fall,2011,Aug,0,Tuesday,1,Clear,0.775,0.724121,0.570417,907,3695,4602
2011-08-10,Fall,2011,Aug,0,Wednesday,1,Clear,0.766667,0.684983,0.424167,884,3896,4780
2011-08-11,Fall,2011,Aug,0,Thursday,1,Clear,0.7175,0.651521,0.42375,812,3980,4792
2011-08-12,Fall,2011,Aug,0,Friday,1,Clear,0.708333,0.654042,0.415,1051,3854,4905
2011-08-13,Fall,2011,Aug,0,Saturday,0,Misty,0.685833,0.645858,0.729583,1504,2646,4150
2011-08-14,Fall,2011,Aug,0,Sunday,0,Misty,0.676667,0.624388,0.8175,1338,2482,3820
2011-08-15,Fall,2011,Aug,0,Monday,1,Clear,0.665833,0.616167,0.712083,775,3563,4338
2011-08-16,Fall,2011,Aug,0,Tuesday,1,Clear,0.700833,0.645837,0.578333,721,4004,4725
2011-08-17,Fall,2011,Aug,0,Wednesday,1,Clear,0.723333,0.666671,0.575417,668,4026,4694
2011-08-18,Fall,2011,Aug,0,Thursday,1,Clear,0.711667,0.662258,0.654583,639,3166,3805
2011-08-19,Fall,2011,Aug,0,Friday,1,Misty,0.685,0.633221,0.722917,797,3356,4153
2011-08-20,Fall,2011,Aug,0,Saturday,0,Clear,0.6975,0.648996,0.674167,1914,3277,5191
2011-08-21,Fall,2011,Aug,0,Sunday,0,Clear,0.710833,0.675525,0.77,1249,2624,3873
2011-08-22,Fall,2011,Aug,0,Monday,1,Clear,0.691667,0.638254,0.47,833,3925,4758
2011-08-23,Fall,2011,Aug,0,Tuesday,1,Clear,0.640833,0.606067,0.455417,1281,4614,5895
2011-08-24,Fall,2011,Aug,0,Wednesday,1,Clear,0.673333,0.630692,0.605,949,4181,5130
2011-08-25,Fall,2011,Aug,0,Thursday,1,Misty,0.684167,0.645854,0.771667,435,3107,3542
2011-08-26,Fall,2011,Aug,0,Friday,1,Clear,0.7,0.659733,0.76125,768,3893,4661
2011-08-27,Fall,2011,Aug,0,Saturday,0,Misty,0.68,0.635556,0.85,226,889,1115
2011-08-28,Fall,2011,Aug,0,Sunday,0,Clear,0.707059,0.647959,0.561765,1415,2919,4334
2011-08-29,Fall,2011,Aug,0,Monday,1,Clear,0.636667,0.607958,0.554583,729,3905,4634
2011-08-30,Fall,2011,Aug,0,Tuesday,1,Clear,0.639167,0.594704,0.548333,775,4429,5204
2011-08-31,Fall,2011,Aug,0,Wednesday,1,Clear,0.656667,0.611121,0.597917,688,4370,5058
2011-09-01,Fall,2011,Sep,0,Thursday,1,Clear,0.655,0.614921,0.639167,783,4332,5115
2011-09-02,Fall,2011,Sep,0,Friday,1,Misty,0.643333,0.604808,0.727083,875,3852,4727
2011-09-03,Fall,2011,Sep,0,Saturday,0,Clear,0.669167,0.633213,0.716667,1935,2549,4484
2011-09-04,Fall,2011,Sep,0,Sunday,0,Clear,0.709167,0.665429,0.742083,2521,2419,4940
2011-09-05,Fall,2011,Sep,1,Monday,0,Misty,0.673333,0.625646,0.790417,1236,2115,3351
2011-09-06,Fall,2011,Sep,0,Tuesday,1,Light Snow,0.54,0.5152,0.886957,204,2506,2710
2011-09-07,Fall,2011,Sep,0,Wednesday,1,Light Snow,0.599167,0.544229,0.917083,118,1878,1996
2011-09-08,Fall,2011,Sep,0,Thursday,1,Light Snow,0.633913,0.555361,0.939565,153,1689,1842
2011-09-09,Fall,2011,Sep,0,Friday,1,Misty,0.65,0.578946,0.897917,417,3127,3544
2011-09-10,Fall,2011,Sep,0,Saturday,0,Clear,0.66,0.607962,0.75375,1750,3595,5345
2011-09-11,Fall,2011,Sep,0,Sunday,0,Clear,0.653333,0.609229,0.71375,1633,3413,5046
2011-09-12,Fall,2011,Sep,0,Monday,1,Clear,0.644348,0.60213,0.692174,690,4023,4713
2011-09-13,Fall,2011,Sep,0,Tuesday,1,Clear,0.650833,0.603554,0.7125,701,4062,4763
2011-09-14,Fall,2011,Sep,0,Wednesday,1,Clear,0.673333,0.6269,0.697083,647,4138,4785
2011-09-15,Fall,2011,Sep,0,Thursday,1,Misty,0.5775,0.553671,0.709167,428,3231,3659
2011-09-16,Fall,2011,Sep,0,Friday,1,Misty,0.469167,0.461475,0.590417,742,4018,4760
2011-09-17,Fall,2011,Sep,0,Saturday,0,Misty,0.491667,0.478512,0.718333,1434,3077,4511
2011-09-18,Fall,2011,Sep,0,Sunday,0,Clear,0.5075,0.490537,0.695,1353,2921,4274
2011-09-19,Fall,2011,Sep,0,Monday,1,Misty,0.549167,0.529675,0.69,691,3848,4539
2011-09-20,Fall,2011,Sep,0,Tuesday,1,Misty,0.561667,0.532217,0.88125,438,3203,3641
2011-09-21,Fall,2011,Sep,0,Wednesday,1,Misty,0.595,0.550533,0.9,539,3813,4352
2011-09-22,Fall,2011,Sep,0,Thursday,1,Misty,0.628333,0.554963,0.902083,555,4240,4795
2011-09-23,Winter,2011,Sep,0,Friday,1,Misty,0.609167,0.522125,0.9725,258,2137,2395
2011-09-24,Winter,2011,Sep,0,Saturday,0,Misty,0.606667,0.564412,0.8625,1776,3647,5423
2011-09-25,Winter,2011,Sep,0,Sunday,0,Misty,0.634167,0.572637,0.845,1544,3466,5010
2011-09-26,Winter,2011,Sep,0,Monday,1,Misty,0.649167,0.589042,0.848333,684,3946,4630
2011-09-27,Winter,2011,Sep,0,Tuesday,1,Misty,0.636667,0.574525,0.885417,477,3643,4120
2011-09-28,Winter,2011,Sep,0,Wednesday,1,Misty,0.635,0.575158,0.84875,480,3427,3907
2011-09-29,Winter,2011,Sep,0,Thursday,1,Clear,0.616667,0.574512,0.699167,653,4186,4839
2011-09-30,Winter,2011,Sep,0,Friday,1,Clear,0.564167,0.544829,0.6475,830,4372,5202
2011-10-01,Winter,2011,Oct,0,Saturday,0,Misty,0.41,0.412863,0.75375,480,1949,2429
2011-10-02,Winter,2011,Oct,0,Sunday,0,Misty,0.356667,0.345317,0.791667,616,2302,2918
2011-10-03,Winter,2011,Oct,0,Monday,1,Misty,0.384167,0.392046,0.760833,330,3240,3570
2011-10-04,Winter,2011,Oct,0,Tuesday,1,Clear,0.484167,0.472858,0.71,486,3970,4456
2011-10-05,Winter,2011,Oct,0,Wednesday,1,Clear,0.538333,0.527138,0.647917,559,4267,4826
2011-10-06,Winter,2011,Oct,0,Thursday,1,Clear,0.494167,0.480425,0.620833,639,4126,4765
2011-10-07,Winter,2011,Oct,0,Friday,1,Clear,0.510833,0.504404,0.684167,949,4036,4985
2011-10-08,Winter,2011,Oct,0,Saturday,0,Clear,0.521667,0.513242,0.70125,2235,3174,5409
2011-10-09,Winter,2011,Oct,0,Sunday,0,Clear,0.540833,0.523983,0.7275,2397,3114,5511
2011-10-10,Winter,2011,Oct,1,Monday,0,Clear,0.570833,0.542925,0.73375,1514,3603,5117
2011-10-11,Winter,2011,Oct,0,Tuesday,1,Misty,0.566667,0.546096,0.80875,667,3896,4563
2011-10-12,Winter,2011,Oct,0,Wednesday,1,Light Snow,0.543333,0.517717,0.90625,217,2199,2416
2011-10-13,Winter,2011,Oct,0,Thursday,1,Misty,0.589167,0.551804,0.896667,290,2623,2913
2011-10-14,Winter,2011,Oct,0,Friday,1,Misty,0.550833,0.529675,0.71625,529,3115,3644
2011-10-15,Winter,2011,Oct,0,Saturday,0,Clear,0.506667,0.498725,0.483333,1899,3318,5217
2011-10-16,Winter,2011,Oct,0,Sunday,0,Clear,0.511667,0.503154,0.486667,1748,3293,5041
2011-10-17,Winter,2011,Oct,0,Monday,1,Clear,0.534167,0.510725,0.579583,713,3857,4570
2011-10-18,Winter,2011,Oct,0,Tuesday,1,Misty,0.5325,0.522721,0.701667,637,4111,4748
2011-10-19,Winter,2011,Oct,0,Wednesday,1,Light Snow,0.541739,0.513848,0.895217,254,2170,2424
2011-10-20,Winter,2011,Oct,0,Thursday,1,Clear,0.475833,0.466525,0.63625,471,3724,4195
2011-10-21,Winter,2011,Oct,0,Friday,1,Clear,0.4275,0.423596,0.574167,676,3628,4304
2011-10-22,Winter,2011,Oct,0,Saturday,0,Clear,0.4225,0.425492,0.629167,1499,2809,4308
2011-10-23,Winter,2011,Oct,0,Sunday,0,Clear,0.421667,0.422333,0.74125,1619,2762,4381
2011-10-24,Winter,2011,Oct,0,Monday,1,Clear,0.463333,0.457067,0.772083,699,3488,4187
2011-10-25,Winter,2011,Oct,0,Tuesday,1,Clear,0.471667,0.463375,0.622917,695,3992,4687
2011-10-26,Winter,2011,Oct,0,Wednesday,1,Misty,0.484167,0.472846,0.720417,404,3490,3894
2011-10-27,Winter,2011,Oct,0,Thursday,1,Misty,0.47,0.457046,0.812917,240,2419,2659
2011-10-28,Winter,2011,Oct,0,Friday,1,Misty,0.330833,0.318812,0.585833,456,3291,3747
2011-10-29,Winter,2011,Oct,0,Saturday,0,Light Snow,0.254167,0.227913,0.8825,57,570,627
2011-10-30,Winter,2011,Oct,0,Sunday,0,Clear,0.319167,0.321329,0.62375,885,2446,3331
2011-10-31,Winter,2011,Oct,0,Monday,1,Clear,0.34,0.356063,0.703333,362,3307,3669
2011-11-01,Winter,2011,Nov,0,Tuesday,1,Clear,0.400833,0.397088,0.68375,410,3658,4068
2011-11-02,Winter,2011,Nov,0,Wednesday,1,Clear,0.3775,0.390133,0.71875,370,3816,4186
2011-11-03,Winter,2011,Nov,0,Thursday,1,Clear,0.408333,0.405921,0.702083,318,3656,3974
2011-11-04,Winter,2011,Nov,0,Friday,1,Misty,0.403333,0.403392,0.6225,470,3576,4046
2011-11-05,Winter,2011,Nov,0,Saturday,0,Clear,0.326667,0.323854,0.519167,1156,2770,3926
2011-11-06,Winter,2011,Nov,0,Sunday,0,Clear,0.348333,0.362358,0.734583,952,2697,3649
2011-11-07,Winter,2011,Nov,0,Monday,1,Clear,0.395,0.400871,0.75875,373,3662,4035
2011-11-08,Winter,2011,Nov,0,Tuesday,1,Clear,0.408333,0.412246,0.721667,376,3829,4205
2011-11-09,Winter,2011,Nov,0,Wednesday,1,Clear,0.4,0.409079,0.758333,305,3804,4109
2011-11-10,Winter,2011,Nov,0,Thursday,1,Misty,0.38,0.373721,0.813333,190,2743,2933
2011-11-11,Winter,2011,Nov,1,Friday,0,Clear,0.324167,0.306817,0.44625,440,2928,3368
2011-11-12,Winter,2011,Nov,0,Saturday,0,Clear,0.356667,0.357942,0.552917,1275,2792,4067
2011-11-13,Winter,2011,Nov,0,Sunday,0,Clear,0.440833,0.43055,0.458333,1004,2713,3717
2011-11-14,Winter,2011,Nov,0,Monday,1,Clear,0.53,0.524612,0.587083,595,3891,4486
2011-11-15,Winter,2011,Nov,0,Tuesday,1,Misty,0.53,0.507579,0.68875,449,3746,4195
2011-11-16,Winter,2011,Nov,0,Wednesday,1,Light Snow,0.456667,0.451988,0.93,145,1672,1817
2011-11-17,Winter,2011,Nov,0,Thursday,1,Misty,0.341667,0.323221,0.575833,139,2914,3053
2011-11-18,Winter,2011,Nov,0,Friday,1,Clear,0.274167,0.272721,0.41,245,3147,3392
2011-11-19,Winter,2011,Nov,0,Saturday,0,Clear,0.329167,0.324483,0.502083,943,2720,3663
2011-11-20,Winter,2011,Nov,0,Sunday,0,Misty,0.463333,0.457058,0.684583,787,2733,3520
2011-11-21,Winter,2011,Nov,0,Monday,1,Light Snow,0.4475,0.445062,0.91,220,2545,2765
2011-11-22,Winter,2011,Nov,0,Tuesday,1,Light Snow,0.416667,0.421696,0.9625,69,1538,1607
2011-11-23,Winter,2011,Nov,0,Wednesday,1,Misty,0.440833,0.430537,0.757917,112,2454,2566
2011-11-24,Winter,2011,Nov,1,Thursday,0,Clear,0.373333,0.372471,0.549167,560,935,1495
2011-11-25,Winter,2011,Nov,0,Friday,1,Clear,0.375,0.380671,0.64375,1095,1697,2792
2011-11-26,Winter,2011,Nov,0,Saturday,0,Clear,0.375833,0.385087,0.681667,1249,1819,3068
2011-11-27,Winter,2011,Nov,0,Sunday,0,Clear,0.459167,0.4558,0.698333,810,2261,3071
2011-11-28,Winter,2011,Nov,0,Monday,1,Clear,0.503478,0.490122,0.743043,253,3614,3867
2011-11-29,Winter,2011,Nov,0,Tuesday,1,Misty,0.458333,0.451375,0.830833,96,2818,2914
2011-11-30,Winter,2011,Nov,0,Wednesday,1,Clear,0.325,0.311221,0.613333,188,3425,3613
2011-12-01,Winter,2011,Dec,0,Thursday,1,Clear,0.3125,0.305554,0.524583,182,3545,3727
2011-12-02,Winter,2011,Dec,0,Friday,1,Clear,0.314167,0.331433,0.625833,268,3672,3940
2011-12-03,Winter,2011,Dec,0,Saturday,0,Clear,0.299167,0.310604,0.612917,706,2908,3614
2011-12-04,Winter,2011,Dec,0,Sunday,0,Clear,0.330833,0.3491,0.775833,634,2851,3485
2011-12-05,Winter,2011,Dec,0,Monday,1,Misty,0.385833,0.393925,0.827083,233,3578,3811
2011-12-06,Winter,2011,Dec,0,Tuesday,1,Light Snow,0.4625,0.4564,0.949583,126,2468,2594
2011-12-07,Winter,2011,Dec,0,Wednesday,1,Light Snow,0.41,0.400246,0.970417,50,655,705
2011-12-08,Winter,2011,Dec,0,Thursday,1,Clear,0.265833,0.256938,0.58,150,3172,3322
2011-12-09,Winter,2011,Dec,0,Friday,1,Clear,0.290833,0.317542,0.695833,261,3359,3620
2011-12-10,Winter,2011,Dec,0,Saturday,0,Clear,0.275,0.266412,0.5075,502,2688,3190
2011-12-11,Winter,2011,Dec,0,Sunday,0,Clear,0.220833,0.253154,0.49,377,2366,2743
2011-12-12,Winter,2011,Dec,0,Monday,1,Clear,0.238333,0.270196,0.670833,143,3167,3310
2011-12-13,Winter,2011,Dec,0,Tuesday,1,Clear,0.2825,0.301138,0.59,155,3368,3523
2011-12-14,Winter,2011,Dec,0,Wednesday,1,Misty,0.3175,0.338362,0.66375,178,3562,3740
2011-12-15,Winter,2011,Dec,0,Thursday,1,Misty,0.4225,0.412237,0.634167,181,3528,3709
2011-12-16,Winter,2011,Dec,0,Friday,1,Misty,0.375,0.359825,0.500417,178,3399,3577
2011-12-17,Winter,2011,Dec,0,Saturday,0,Misty,0.258333,0.249371,0.560833,275,2464,2739
2011-12-18,Winter,2011,Dec,0,Sunday,0,Clear,0.238333,0.245579,0.58625,220,2211,2431
2011-12-19,Winter,2011,Dec,0,Monday,1,Clear,0.276667,0.280933,0.6375,260,3143,3403
2011-12-20,Winter,2011,Dec,0,Tuesday,1,Misty,0.385833,0.396454,0.595417,216,3534,3750
2011-12-21,Spring,2011,Dec,0,Wednesday,1,Misty,0.428333,0.428017,0.858333,107,2553,2660
2011-12-22,Spring,2011,Dec,0,Thursday,1,Misty,0.423333,0.426121,0.7575,227,2841,3068
2011-12-23,Spring,2011,Dec,0,Friday,1,Clear,0.373333,0.377513,0.68625,163,2046,2209
2011-12-24,Spring,2011,Dec,0,Saturday,0,Clear,0.3025,0.299242,0.5425,155,856,1011
2011-12-25,Spring,2011,Dec,0,Sunday,0,Clear,0.274783,0.279961,0.681304,303,451,754
2011-12-26,Spring,2011,Dec,1,Monday,0,Clear,0.321739,0.315535,0.506957,430,887,1317
2011-12-27,Spring,2011,Dec,0,Tuesday,1,Misty,0.325,0.327633,0.7625,103,1059,1162
2011-12-28,Spring,2011,Dec,0,Wednesday,1,Clear,0.29913,0.279974,0.503913,255,2047,2302
2011-12-29,Spring,2011,Dec,0,Thursday,1,Clear,0.248333,0.263892,0.574167,254,2169,2423
2011-12-30,Spring,2011,Dec,0,Friday,1,Clear,0.311667,0.318812,0.636667,491,2508,2999
2011-12-31,Spring,2011,Dec,0,Saturday,0,Clear,0.41,0.414121,0.615833,665,1820,2485
2012-01-01,Spring,2012,Jan,0,Sunday,0,Clear,0.37,0.375621,0.6925,686,1608,2294
2012-01-02,Spring,2012,Jan,1,Monday,0,Clear,0.273043,0.252304,0.381304,244,1707,1951
2012-01-03,Spring,2012,Jan,0,Tuesday,1,Clear,0.15,0.126275,0.44125,89,2147,2236
2012-01-04,Spring,2012,Jan,0,Wednesday,1,Misty,0.1075,0.119337,0.414583,95,2273,2368
2012-01-05,Spring,2012,Jan,0,Thursday,1,Clear,0.265833,0.278412,0.524167,140,3132,3272
2012-01-06,Spring,2012,Jan,0,Friday,1,Clear,0.334167,0.340267,0.542083,307,3791,4098
2012-01-07,Spring,2012,Jan,0,Saturday,0,Clear,0.393333,0.390779,0.531667,1070,3451,4521
2012-01-08,Spring,2012,Jan,0,Sunday,0,Clear,0.3375,0.340258,0.465,599,2826,3425
2012-01-09,Spring,2012,Jan,0,Monday,1,Misty,0.224167,0.247479,0.701667,106,2270,2376
2012-01-10,Spring,2012,Jan,0,Tuesday,1,Clear,0.308696,0.318826,0.646522,173,3425,3598
2012-01-11,Spring,2012,Jan,0,Wednesday,1,Misty,0.274167,0.282821,0.8475,92,2085,2177
2012-01-12,Spring,2012,Jan,0,Thursday,1,Misty,0.3825,0.381938,0.802917,269,3828,4097
2012-01-13,Spring,2012,Jan,0,Friday,1,Clear,0.274167,0.249362,0.5075,174,3040,3214
2012-01-14,Spring,2012,Jan,0,Saturday,0,Clear,0.18,0.183087,0.4575,333,2160,2493
2012-01-15,Spring,2012,Jan,0,Sunday,0,Clear,0.166667,0.161625,0.419167,284,2027,2311
2012-01-16,Spring,2012,Jan,1,Monday,0,Clear,0.19,0.190663,0.5225,217,2081,2298
2012-01-17,Spring,2012,Jan,0,Tuesday,1,Misty,0.373043,0.364278,0.716087,127,2808,2935
2012-01-18,Spring,2012,Jan,0,Wednesday,1,Clear,0.303333,0.275254,0.443333,109,3267,3376
2012-01-19,Spring,2012,Jan,0,Thursday,1,Clear,0.19,0.190038,0.4975,130,3162,3292
2012-01-20,Spring,2012,Jan,0,Friday,1,Misty,0.2175,0.220958,0.45,115,3048,3163
2012-01-21,Spring,2012,Jan,0,Saturday,0,Misty,0.173333,0.174875,0.83125,67,1234,1301
2012-01-22,Spring,2012,Jan,0,Sunday,0,Misty,0.1625,0.16225,0.79625,196,1781,1977
2012-01-23,Spring,2012,Jan,0,Monday,1,Misty,0.218333,0.243058,0.91125,145,2287,2432
2012-01-24,Spring,2012,Jan,0,Tuesday,1,Clear,0.3425,0.349108,0.835833,439,3900,4339
2012-01-25,Spring,2012,Jan,0,Wednesday,1,Clear,0.294167,0.294821,0.64375,467,3803,4270
2012-01-26,Spring,2012,Jan,0,Thursday,1,Misty,0.341667,0.35605,0.769583,244,3831,4075
2012-01-27,Spring,2012,Jan,0,Friday,1,Misty,0.425,0.415383,0.74125,269,3187,3456
2012-01-28,Spring,2012,Jan,0,Saturday,0,Clear,0.315833,0.326379,0.543333,775,3248,4023
2012-01-29,Spring,2012,Jan,0,Sunday,0,Clear,0.2825,0.272721,0.31125,558,2685,3243
2012-01-30,Spring,2012,Jan,0,Monday,1,Clear,0.269167,0.262625,0.400833,126,3498,3624
2012-01-31,Spring,2012,Jan,0,Tuesday,1,Clear,0.39,0.381317,0.416667,324,4185,4509
2012-02-01,Spring,2012,Feb,0,Wednesday,1,Clear,0.469167,0.466538,0.507917,304,4275,4579
2012-02-02,Spring,2012,Feb,0,Thursday,1,Misty,0.399167,0.398971,0.672917,190,3571,3761
2012-02-03,Spring,2012,Feb,0,Friday,1,Clear,0.313333,0.309346,0.526667,310,3841,4151
2012-02-04,Spring,2012,Feb,0,Saturday,0,Misty,0.264167,0.272725,0.779583,384,2448,2832
2012-02-05,Spring,2012,Feb,0,Sunday,0,Misty,0.265833,0.264521,0.687917,318,2629,2947
2012-02-06,Spring,2012,Feb,0,Monday,1,Clear,0.282609,0.296426,0.622174,206,3578,3784
2012-02-07,Spring,2012,Feb,0,Tuesday,1,Clear,0.354167,0.361104,0.49625,199,4176,4375
2012-02-08,Spring,2012,Feb,0,Wednesday,1,Misty,0.256667,0.266421,0.722917,109,2693,2802
2012-02-09,Spring,2012,Feb,0,Thursday,1,Clear,0.265,0.261988,0.562083,163,3667,3830
2012-02-10,Spring,2012,Feb,0,Friday,1,Misty,0.280833,0.293558,0.54,227,3604,3831
2012-02-11,Spring,2012,Feb,0,Saturday,0,Light Snow,0.224167,0.210867,0.73125,192,1977,2169
2012-02-12,Spring,2012,Feb,0,Sunday,0,Clear,0.1275,0.101658,0.464583,73,1456,1529
2012-02-13,Spring,2012,Feb,0,Monday,1,Clear,0.2225,0.227913,0.41125,94,3328,3422
2012-02-14,Spring,2012,Feb,0,Tuesday,1,Misty,0.319167,0.333946,0.50875,135,3787,3922
2012-02-15,Spring,2012,Feb,0,Wednesday,1,Clear,0.348333,0.351629,0.53125,141,4028,4169
2012-02-16,Spring,2012,Feb,0,Thursday,1,Misty,0.316667,0.330162,0.752917,74,2931,3005
2012-02-17,Spring,2012,Feb,0,Friday,1,Clear,0.343333,0.351629,0.634583,349,3805,4154
2012-02-18,Spring,2012,Feb,0,Saturday,0,Clear,0.346667,0.355425,0.534583,1435,2883,4318
2012-02-19,Spring,2012,Feb,0,Sunday,0,Misty,0.28,0.265788,0.515833,618,2071,2689
2012-02-20,Spring,2012,Feb,1,Monday,0,Clear,0.28,0.273391,0.507826,502,2627,3129
2012-02-21,Spring,2012,Feb,0,Tuesday,1,Clear,0.287826,0.295113,0.594348,163,3614,3777
2012-02-22,Spring,2012,Feb,0,Wednesday,1,Clear,0.395833,0.392667,0.567917,394,4379,4773
2012-02-23,Spring,2012,Feb,0,Thursday,1,Clear,0.454167,0.444446,0.554583,516,4546,5062
2012-02-24,Spring,2012,Feb,0,Friday,1,Misty,0.4075,0.410971,0.7375,246,3241,3487
2012-02-25,Spring,2012,Feb,0,Saturday,0,Clear,0.290833,0.255675,0.395833,317,2415,2732
2012-02-26,Spring,2012,Feb,0,Sunday,0,Clear,0.279167,0.268308,0.41,515,2874,3389
2012-02-27,Spring,2012,Feb,0,Monday,1,Clear,0.366667,0.357954,0.490833,253,4069,4322
2012-02-28,Spring,2012,Feb,0,Tuesday,1,Clear,0.359167,0.353525,0.395833,229,4134,4363
2012-02-29,Spring,2012,Feb,0,Wednesday,1,Misty,0.344348,0.34847,0.804783,65,1769,1834
2012-03-01,Spring,2012,Mar,0,Thursday,1,Clear,0.485833,0.475371,0.615417,325,4665,4990
2012-03-02,Spring,2012,Mar,0,Friday,1,Misty,0.353333,0.359842,0.657083,246,2948,3194
2012-03-03,Spring,2012,Mar,0,Saturday,0,Misty,0.414167,0.413492,0.62125,956,3110,4066
2012-03-04,Spring,2012,Mar,0,Sunday,0,Clear,0.325833,0.303021,0.403333,710,2713,3423
2012-03-05,Spring,2012,Mar,0,Monday,1,Clear,0.243333,0.241171,0.50625,203,3130,3333
2012-03-06,Spring,2012,Mar,0,Tuesday,1,Clear,0.258333,0.255042,0.456667,221,3735,3956
2012-03-07,Spring,2012,Mar,0,Wednesday,1,Clear,0.404167,0.3851,0.513333,432,4484,4916
2012-03-08,Spring,2012,Mar,0,Thursday,1,Clear,0.5275,0.524604,0.5675,486,4896,5382
2012-03-09,Spring,2012,Mar,0,Friday,1,Misty,0.410833,0.397083,0.407083,447,4122,4569
2012-03-10,Spring,2012,Mar,0,Saturday,0,Clear,0.2875,0.277767,0.350417,968,3150,4118
2012-03-11,Spring,2012,Mar,0,Sunday,0,Clear,0.361739,0.35967,0.476957,1658,3253,4911
2012-03-12,Spring,2012,Mar,0,Monday,1,Clear,0.466667,0.459592,0.489167,838,4460,5298
2012-03-13,Spring,2012,Mar,0,Tuesday,1,Clear,0.565,0.542929,0.6175,762,5085,5847
2012-03-14,Spring,2012,Mar,0,Wednesday,1,Clear,0.5725,0.548617,0.507083,997,5315,6312
2012-03-15,Spring,2012,Mar,0,Thursday,1,Clear,0.5575,0.532825,0.579583,1005,5187,6192
2012-03-16,Spring,2012,Mar,0,Friday,1,Misty,0.435833,0.436229,0.842083,548,3830,4378
2012-03-17,Spring,2012,Mar,0,Saturday,0,Misty,0.514167,0.505046,0.755833,3155,4681,7836
2012-03-18,Spring,2012,Mar,0,Sunday,0,Misty,0.4725,0.464,0.81,2207,3685,5892
2012-03-19,Spring,2012,Mar,0,Monday,1,Clear,0.545,0.532821,0.72875,982,5171,6153
2012-03-20,Spring,2012,Mar,0,Tuesday,1,Clear,0.560833,0.538533,0.807917,1051,5042,6093
2012-03-21,Summer,2012,Mar,0,Wednesday,1,Misty,0.531667,0.513258,0.82125,1122,5108,6230
2012-03-22,Summer,2012,Mar,0,Thursday,1,Clear,0.554167,0.531567,0.83125,1334,5537,6871
2012-03-23,Summer,2012,Mar,0,Friday,1,Misty,0.601667,0.570067,0.694167,2469,5893,8362
2012-03-24,Summer,2012,Mar,0,Saturday,0,Misty,0.5025,0.486733,0.885417,1033,2339,3372
2012-03-25,Summer,2012,Mar,0,Sunday,0,Misty,0.4375,0.437488,0.880833,1532,3464,4996
2012-03-26,Summer,2012,Mar,0,Monday,1,Clear,0.445833,0.43875,0.477917,795,4763,5558
2012-03-27,Summer,2012,Mar,0,Tuesday,1,Clear,0.323333,0.315654,0.29,531,4571,5102
2012-03-28,Summer,2012,Mar,0,Wednesday,1,Clear,0.484167,0.47095,0.48125,674,5024,5698
2012-03-29,Summer,2012,Mar,0,Thursday,1,Clear,0.494167,0.482304,0.439167,834,5299,6133
2012-03-30,Summer,2012,Mar,0,Friday,1,Misty,0.37,0.375621,0.580833,796,4663,5459
2012-03-31,Summer,2012,Mar,0,Saturday,0,Misty,0.424167,0.421708,0.738333,2301,3934,6235
2012-04-01,Summer,2012,Apr,0,Sunday,0,Misty,0.425833,0.417287,0.67625,2347,3694,6041
2012-04-02,Summer,2012,Apr,0,Monday,1,Clear,0.433913,0.427513,0.504348,1208,4728,5936
2012-04-03,Summer,2012,Apr,0,Tuesday,1,Clear,0.466667,0.461483,0.396667,1348,5424,6772
2012-04-04,Summer,2012,Apr,0,Wednesday,1,Clear,0.541667,0.53345,0.469583,1058,5378,6436
2012-04-05,Summer,2012,Apr,0,Thursday,1,Clear,0.435,0.431163,0.374167,1192,5265,6457
2012-04-06,Summer,2012,Apr,0,Friday,1,Clear,0.403333,0.390767,0.377083,1807,4653,6460
2012-04-07,Summer,2012,Apr,0,Saturday,0,Clear,0.4375,0.426129,0.254167,3252,3605,6857
2012-04-08,Summer,2012,Apr,0,Sunday,0,Clear,0.5,0.492425,0.275833,2230,2939,5169
2012-04-09,Summer,2012,Apr,0,Monday,1,Clear,0.489167,0.476638,0.3175,905,4680,5585
2012-04-10,Summer,2012,Apr,0,Tuesday,1,Clear,0.446667,0.436233,0.435,819,5099,5918
2012-04-11,Summer,2012,Apr,0,Wednesday,1,Clear,0.348696,0.337274,0.469565,482,4380,4862
2012-04-12,Summer,2012,Apr,0,Thursday,1,Clear,0.3975,0.387604,0.46625,663,4746,5409
2012-04-13,Summer,2012,Apr,0,Friday,1,Clear,0.4425,0.431808,0.408333,1252,5146,6398
2012-04-14,Summer,2012,Apr,0,Saturday,0,Clear,0.495,0.487996,0.502917,2795,4665,7460
2012-04-15,Summer,2012,Apr,0,Sunday,0,Clear,0.606667,0.573875,0.507917,2846,4286,7132
2012-04-16,Summer,2012,Apr,1,Monday,0,Clear,0.664167,0.614925,0.561667,1198,5172,6370
2012-04-17,Summer,2012,Apr,0,Tuesday,1,Clear,0.608333,0.598487,0.390417,989,5702,6691
2012-04-18,Summer,2012,Apr,0,Wednesday,1,Misty,0.463333,0.457038,0.569167,347,4020,4367
2012-04-19,Summer,2012,Apr,0,Thursday,1,Clear,0.498333,0.493046,0.6125,846,5719,6565
2012-04-20,Summer,2012,Apr,0,Friday,1,Clear,0.526667,0.515775,0.694583,1340,5950,7290
2012-04-21,Summer,2012,Apr,0,Saturday,0,Clear,0.57,0.542921,0.682917,2541,4083,6624
2012-04-22,Summer,2012,Apr,0,Sunday,0,Light Snow,0.396667,0.389504,0.835417,120,907,1027
2012-04-23,Summer,2012,Apr,0,Monday,1,Misty,0.321667,0.301125,0.766667,195,3019,3214
2012-04-24,Summer,2012,Apr,0,Tuesday,1,Clear,0.413333,0.405283,0.454167,518,5115,5633
2012-04-25,Summer,2012,Apr,0,Wednesday,1,Clear,0.476667,0.470317,0.427917,655,5541,6196
2012-04-26,Summer,2012,Apr,0,Thursday,1,Misty,0.498333,0.483583,0.756667,475,4551,5026
2012-04-27,Summer,2012,Apr,0,Friday,1,Clear,0.4575,0.452637,0.400833,1014,5219,6233
2012-04-28,Summer,2012,Apr,0,Saturday,0,Misty,0.376667,0.377504,0.489583,1120,3100,4220
2012-04-29,Summer,2012,Apr,0,Sunday,0,Clear,0.458333,0.450121,0.587083,2229,4075,6304
2012-04-30,Summer,2012,Apr,0,Monday,1,Misty,0.464167,0.457696,0.57,665,4907,5572
2012-05-01,Summer,2012,May,0,Tuesday,1,Misty,0.613333,0.577021,0.659583,653,5087,5740
2012-05-02,Summer,2012,May,0,Wednesday,1,Clear,0.564167,0.537896,0.797083,667,5502,6169
2012-05-03,Summer,2012,May,0,Thursday,1,Misty,0.56,0.537242,0.768333,764,5657,6421
2012-05-04,Summer,2012,May,0,Friday,1,Clear,0.6275,0.590917,0.735417,1069,5227,6296
2012-05-05,Summer,2012,May,0,Saturday,0,Misty,0.621667,0.584608,0.756667,2496,4387,6883
2012-05-06,Summer,2012,May,0,Sunday,0,Misty,0.5625,0.546737,0.74,2135,4224,6359
2012-05-07,Summer,2012,May,0,Monday,1,Misty,0.5375,0.527142,0.664167,1008,5265,6273
2012-05-08,Summer,2012,May,0,Tuesday,1,Misty,0.581667,0.557471,0.685833,738,4990,5728
2012-05-09,Summer,2012,May,0,Wednesday,1,Misty,0.575,0.553025,0.744167,620,4097,4717
2012-05-10,Summer,2012,May,0,Thursday,1,Clear,0.505833,0.491783,0.552083,1026,5546,6572
2012-05-11,Summer,2012,May,0,Friday,1,Clear,0.533333,0.520833,0.360417,1319,5711,7030
2012-05-12,Summer,2012,May,0,Saturday,0,Clear,0.564167,0.544817,0.480417,2622,4807,7429
2012-05-13,Summer,2012,May,0,Sunday,0,Clear,0.6125,0.585238,0.57625,2172,3946,6118
2012-05-14,Summer,2012,May,0,Monday,1,Misty,0.573333,0.5499,0.789583,342,2501,2843
2012-05-15,Summer,2012,May,0,Tuesday,1,Misty,0.611667,0.576404,0.794583,625,4490,5115
2012-05-16,Summer,2012,May,0,Wednesday,1,Clear,0.636667,0.595975,0.697917,991,6433,7424
2012-05-17,Summer,2012,May,0,Thursday,1,Clear,0.593333,0.572613,0.52,1242,6142,7384
2012-05-18,Summer,2012,May,0,Friday,1,Clear,0.564167,0.551121,0.523333,1521,6118,7639
2012-05-19,Summer,2012,May,0,Saturday,0,Clear,0.6,0.566908,0.45625,3410,4884,8294
2012-05-20,Summer,2012,May,0,Sunday,0,Clear,0.620833,0.583967,0.530417,2704,4425,7129
2012-05-21,Summer,2012,May,0,Monday,1,Misty,0.598333,0.565667,0.81125,630,3729,4359
2012-05-22,Summer,2012,May,0,Tuesday,1,Misty,0.615,0.580825,0.765833,819,5254,6073
2012-05-23,Summer,2012,May,0,Wednesday,1,Misty,0.621667,0.584612,0.774583,766,4494,5260
2012-05-24,Summer,2012,May,0,Thursday,1,Clear,0.655,0.6067,0.716667,1059,5711,6770
2012-05-25,Summer,2012,May,0,Friday,1,Clear,0.68,0.627529,0.747083,1417,5317,6734
2012-05-26,Summer,2012,May,0,Saturday,0,Clear,0.6925,0.642696,0.7325,2855,3681,6536
2012-05-27,Summer,2012,May,0,Sunday,0,Clear,0.69,0.641425,0.697083,3283,3308,6591
2012-05-28,Summer,2012,May,1,Monday,0,Clear,0.7125,0.6793,0.67625,2557,3486,6043
2012-05-29,Summer,2012,May,0,Tuesday,1,Clear,0.7225,0.672992,0.684583,880,4863,5743
2012-05-30,Summer,2012,May,0,Wednesday,1,Misty,0.656667,0.611129,0.67,745,6110,6855
2012-05-31,Summer,2012,May,0,Thursday,1,Clear,0.68,0.631329,0.492917,1100,6238,7338
2012-06-01,Summer,2012,Jun,0,Friday,1,Misty,0.654167,0.607962,0.755417,533,3594,4127
2012-06-02,Summer,2012,Jun,0,Saturday,0,Clear,0.583333,0.566288,0.549167,2795,5325,8120
2012-06-03,Summer,2012,Jun,0,Sunday,0,Clear,0.6025,0.575133,0.493333,2494,5147,7641
2012-06-04,Summer,2012,Jun,0,Monday,1,Clear,0.5975,0.578283,0.487083,1071,5927,6998
2012-06-05,Summer,2012,Jun,0,Tuesday,1,Misty,0.540833,0.525892,0.613333,968,6033,7001
2012-06-06,Summer,2012,Jun,0,Wednesday,1,Clear,0.554167,0.542292,0.61125,1027,6028,7055
2012-06-07,Summer,2012,Jun,0,Thursday,1,Clear,0.6025,0.569442,0.567083,1038,6456,7494
2012-06-08,Summer,2012,Jun,0,Friday,1,Clear,0.649167,0.597862,0.467917,1488,6248,7736
2012-06-09,Summer,2012,Jun,0,Saturday,0,Clear,0.710833,0.648367,0.437083,2708,4790,7498
2012-06-10,Summer,2012,Jun,0,Sunday,0,Clear,0.726667,0.663517,0.538333,2224,4374,6598
2012-06-11,Summer,2012,Jun,0,Monday,1,Misty,0.720833,0.659721,0.587917,1017,5647,6664
2012-06-12,Summer,2012,Jun,0,Tuesday,1,Misty,0.653333,0.597875,0.833333,477,4495,4972
2012-06-13,Summer,2012,Jun,0,Wednesday,1,Clear,0.655833,0.611117,0.582083,1173,6248,7421
2012-06-14,Summer,2012,Jun,0,Thursday,1,Clear,0.648333,0.624383,0.569583,1180,6183,7363
2012-06-15,Summer,2012,Jun,0,Friday,1,Clear,0.639167,0.599754,0.589583,1563,6102,7665
2012-06-16,Summer,2012,Jun,0,Saturday,0,Clear,0.631667,0.594708,0.504167,2963,4739,7702
2012-06-17,Summer,2012,Jun,0,Sunday,0,Clear,0.5925,0.571975,0.59875,2634,4344,6978
2012-06-18,Summer,2012,Jun,0,Monday,1,Misty,0.568333,0.544842,0.777917,653,4446,5099
2012-06-19,Summer,2012,Jun,0,Tuesday,1,Clear,0.688333,0.654692,0.69,968,5857,6825
2012-06-20,Summer,2012,Jun,0,Wednesday,1,Clear,0.7825,0.720975,0.592083,872,5339,6211
2012-06-21,Fall,2012,Jun,0,Thursday,1,Clear,0.805833,0.752542,0.567917,778,5127,5905
2012-06-22,Fall,2012,Jun,0,Friday,1,Clear,0.7775,0.724121,0.57375,964,4859,5823
2012-06-23,Fall,2012,Jun,0,Saturday,0,Clear,0.731667,0.652792,0.534583,2657,4801,7458
2012-06-24,Fall,2012,Jun,0,Sunday,0,Clear,0.743333,0.674254,0.479167,2551,4340,6891
2012-06-25,Fall,2012,Jun,0,Monday,1,Clear,0.715833,0.654042,0.504167,1139,5640,6779
2012-06-26,Fall,2012,Jun,0,Tuesday,1,Clear,0.630833,0.594704,0.373333,1077,6365,7442
2012-06-27,Fall,2012,Jun,0,Wednesday,1,Clear,0.6975,0.640792,0.36,1077,6258,7335
2012-06-28,Fall,2012,Jun,0,Thursday,1,Clear,0.749167,0.675512,0.4225,921,5958,6879
2012-06-29,Fall,2012,Jun,0,Friday,1,Clear,0.834167,0.786613,0.48875,829,4634,5463
2012-06-30,Fall,2012,Jun,0,Saturday,0,Clear,0.765,0.687508,0.60125,1455,4232,5687
2012-07-01,Fall,2012,Jul,0,Sunday,0,Clear,0.815833,0.750629,0.51875,1421,4110,5531
2012-07-02,Fall,2012,Jul,0,Monday,1,Clear,0.781667,0.702038,0.447083,904,5323,6227
2012-07-03,Fall,2012,Jul,0,Tuesday,1,Clear,0.780833,0.70265,0.492083,1052,5608,6660
2012-07-04,Fall,2012,Jul,1,Wednesday,0,Clear,0.789167,0.732337,0.53875,2562,4841,7403
2012-07-05,Fall,2012,Jul,0,Thursday,1,Clear,0.8275,0.761367,0.457917,1405,4836,6241
2012-07-06,Fall,2012,Jul,0,Friday,1,Clear,0.828333,0.752533,0.450833,1366,4841,6207
2012-07-07,Fall,2012,Jul,0,Saturday,0,Clear,0.861667,0.804913,0.492083,1448,3392,4840
2012-07-08,Fall,2012,Jul,0,Sunday,0,Clear,0.8225,0.790396,0.57375,1203,3469,4672
2012-07-09,Fall,2012,Jul,0,Monday,1,Misty,0.710833,0.654054,0.683333,998,5571,6569
2012-07-10,Fall,2012,Jul,0,Tuesday,1,Misty,0.720833,0.664796,0.6675,954,5336,6290
2012-07-11,Fall,2012,Jul,0,Wednesday,1,Clear,0.716667,0.650271,0.633333,975,6289,7264
2012-07-12,Fall,2012,Jul,0,Thursday,1,Clear,0.715833,0.654683,0.529583,1032,6414,7446
2012-07-13,Fall,2012,Jul,0,Friday,1,Misty,0.731667,0.667933,0.485833,1511,5988,7499
2012-07-14,Fall,2012,Jul,0,Saturday,0,Misty,0.703333,0.666042,0.699167,2355,4614,6969
2012-07-15,Fall,2012,Jul,0,Sunday,0,Clear,0.745833,0.705196,0.717917,1920,4111,6031
2012-07-16,Fall,2012,Jul,0,Monday,1,Clear,0.763333,0.724125,0.645,1088,5742,6830
2012-07-17,Fall,2012,Jul,0,Tuesday,1,Clear,0.818333,0.755683,0.505833,921,5865,6786
2012-07-18,Fall,2012,Jul,0,Wednesday,1,Clear,0.793333,0.745583,0.577083,799,4914,5713
2012-07-19,Fall,2012,Jul,0,Thursday,1,Clear,0.77,0.714642,0.600417,888,5703,6591
2012-07-20,Fall,2012,Jul,0,Friday,1,Misty,0.665833,0.613025,0.844167,747,5123,5870
2012-07-21,Fall,2012,Jul,0,Saturday,0,Light Snow,0.595833,0.549912,0.865417,1264,3195,4459
2012-07-22,Fall,2012,Jul,0,Sunday,0,Misty,0.6675,0.623125,0.7625,2544,4866,7410
2012-07-23,Fall,2012,Jul,0,Monday,1,Clear,0.741667,0.690017,0.694167,1135,5831,6966
2012-07-24,Fall,2012,Jul,0,Tuesday,1,Clear,0.750833,0.70645,0.655,1140,6452,7592
2012-07-25,Fall,2012,Jul,0,Wednesday,1,Clear,0.724167,0.654054,0.45,1383,6790,8173
2012-07-26,Fall,2012,Jul,0,Thursday,1,Clear,0.776667,0.739263,0.596667,1036,5825,6861
2012-07-27,Fall,2012,Jul,0,Friday,1,Clear,0.781667,0.734217,0.594583,1259,5645,6904
2012-07-28,Fall,2012,Jul,0,Saturday,0,Clear,0.755833,0.697604,0.613333,2234,4451,6685
2012-07-29,Fall,2012,Jul,0,Sunday,0,Clear,0.721667,0.667933,0.62375,2153,4444,6597
2012-07-30,Fall,2012,Jul,0,Monday,1,Clear,0.730833,0.684987,0.66875,1040,6065,7105
2012-07-31,Fall,2012,Jul,0,Tuesday,1,Clear,0.713333,0.662896,0.704167,968,6248,7216
2012-08-01,Fall,2012,Aug,0,Wednesday,1,Clear,0.7175,0.667308,0.6775,1074,6506,7580
2012-08-02,Fall,2012,Aug,0,Thursday,1,Clear,0.7525,0.707088,0.659583,983,6278,7261
2012-08-03,Fall,2012,Aug,0,Friday,1,Misty,0.765833,0.722867,0.6425,1328,5847,7175
2012-08-04,Fall,2012,Aug,0,Saturday,0,Clear,0.793333,0.751267,0.613333,2345,4479,6824
2012-08-05,Fall,2012,Aug,0,Sunday,0,Clear,0.769167,0.731079,0.6525,1707,3757,5464
2012-08-06,Fall,2012,Aug,0,Monday,1,Misty,0.7525,0.710246,0.654167,1233,5780,7013
2012-08-07,Fall,2012,Aug,0,Tuesday,1,Misty,0.735833,0.697621,0.70375,1278,5995,7273
2012-08-08,Fall,2012,Aug,0,Wednesday,1,Misty,0.75,0.707717,0.672917,1263,6271,7534
2012-08-09,Fall,2012,Aug,0,Thursday,1,Clear,0.755833,0.699508,0.620417,1196,6090,7286
2012-08-10,Fall,2012,Aug,0,Friday,1,Misty,0.715833,0.667942,0.715833,1065,4721,5786
2012-08-11,Fall,2012,Aug,0,Saturday,0,Misty,0.6925,0.638267,0.732917,2247,4052,6299
2012-08-12,Fall,2012,Aug,0,Sunday,0,Clear,0.700833,0.644579,0.530417,2182,4362,6544
2012-08-13,Fall,2012,Aug,0,Monday,1,Clear,0.720833,0.662254,0.545417,1207,5676,6883
2012-08-14,Fall,2012,Aug,0,Tuesday,1,Clear,0.726667,0.676779,0.686667,1128,5656,6784
2012-08-15,Fall,2012,Aug,0,Wednesday,1,Clear,0.706667,0.654037,0.619583,1198,6149,7347
2012-08-16,Fall,2012,Aug,0,Thursday,1,Clear,0.719167,0.654688,0.519167,1338,6267,7605
2012-08-17,Fall,2012,Aug,0,Friday,1,Clear,0.723333,0.2424,0.570833,1483,5665,7148
2012-08-18,Fall,2012,Aug,0,Saturday,0,Clear,0.678333,0.618071,0.603333,2827,5038,7865
2012-08-19,Fall,2012,Aug,0,Sunday,0,Misty,0.635833,0.603554,0.711667,1208,3341,4549
2012-08-20,Fall,2012,Aug,0,Monday,1,Misty,0.635833,0.595967,0.734167,1026,5504,6530
2012-08-21,Fall,2012,Aug,0,Tuesday,1,Clear,0.649167,0.601025,0.67375,1081,5925,7006
2012-08-22,Fall,2012,Aug,0,Wednesday,1,Clear,0.6675,0.621854,0.677083,1094,6281,7375
2012-08-23,Fall,2012,Aug,0,Thursday,1,Clear,0.695833,0.637008,0.635833,1363,6402,7765
2012-08-24,Fall,2012,Aug,0,Friday,1,Misty,0.7025,0.6471,0.615,1325,6257,7582
2012-08-25,Fall,2012,Aug,0,Saturday,0,Misty,0.661667,0.618696,0.712917,1829,4224,6053
2012-08-26,Fall,2012,Aug,0,Sunday,0,Misty,0.653333,0.595996,0.845833,1483,3772,5255
2012-08-27,Fall,2012,Aug,0,Monday,1,Clear,0.703333,0.654688,0.730417,989,5928,6917
2012-08-28,Fall,2012,Aug,0,Tuesday,1,Clear,0.728333,0.66605,0.62,935,6105,7040
2012-08-29,Fall,2012,Aug,0,Wednesday,1,Clear,0.685,0.635733,0.552083,1177,6520,7697
2012-08-30,Fall,2012,Aug,0,Thursday,1,Clear,0.706667,0.652779,0.590417,1172,6541,7713
2012-08-31,Fall,2012,Aug,0,Friday,1,Clear,0.764167,0.6894,0.5875,1433,5917,7350
2012-09-01,Fall,2012,Sep,0,Saturday,0,Misty,0.753333,0.702654,0.638333,2352,3788,6140
2012-09-02,Fall,2012,Sep,0,Sunday,0,Misty,0.696667,0.649,0.815,2613,3197,5810
2012-09-03,Fall,2012,Sep,1,Monday,0,Clear,0.7075,0.661629,0.790833,1965,4069,6034
2012-09-04,Fall,2012,Sep,0,Tuesday,1,Clear,0.725833,0.686888,0.755,867,5997,6864
2012-09-05,Fall,2012,Sep,0,Wednesday,1,Clear,0.736667,0.708983,0.74125,832,6280,7112
2012-09-06,Fall,2012,Sep,0,Thursday,1,Misty,0.696667,0.655329,0.810417,611,5592,6203
2012-09-07,Fall,2012,Sep,0,Friday,1,Clear,0.703333,0.657204,0.73625,1045,6459,7504
2012-09-08,Fall,2012,Sep,0,Saturday,0,Misty,0.659167,0.611121,0.799167,1557,4419,5976
2012-09-09,Fall,2012,Sep,0,Sunday,0,Clear,0.61,0.578925,0.5475,2570,5657,8227
2012-09-10,Fall,2012,Sep,0,Monday,1,Clear,0.583333,0.565654,0.50375,1118,6407,7525
2012-09-11,Fall,2012,Sep,0,Tuesday,1,Clear,0.5775,0.554292,0.52,1070,6697,7767
2012-09-12,Fall,2012,Sep,0,Wednesday,1,Clear,0.599167,0.570075,0.577083,1050,6820,7870
2012-09-13,Fall,2012,Sep,0,Thursday,1,Clear,0.6125,0.579558,0.637083,1054,6750,7804
2012-09-14,Fall,2012,Sep,0,Friday,1,Clear,0.633333,0.594083,0.6725,1379,6630,8009
2012-09-15,Fall,2012,Sep,0,Saturday,0,Clear,0.608333,0.585867,0.501667,3160,5554,8714
2012-09-16,Fall,2012,Sep,0,Sunday,0,Clear,0.58,0.563125,0.57,2166,5167,7333
2012-09-17,Fall,2012,Sep,0,Monday,1,Misty,0.580833,0.55305,0.734583,1022,5847,6869
2012-09-18,Fall,2012,Sep,0,Tuesday,1,Misty,0.623333,0.565067,0.8725,371,3702,4073
2012-09-19,Fall,2012,Sep,0,Wednesday,1,Clear,0.5525,0.540404,0.536667,788,6803,7591
2012-09-20,Fall,2012,Sep,0,Thursday,1,Clear,0.546667,0.532192,0.618333,939,6781,7720
2012-09-21,Fall,2012,Sep,0,Friday,1,Clear,0.599167,0.571971,0.66875,1250,6917,8167
2012-09-22,Fall,2012,Sep,0,Saturday,0,Clear,0.65,0.610488,0.646667,2512,5883,8395
2012-09-23,Winter,2012,Sep,0,Sunday,0,Clear,0.529167,0.518933,0.467083,2454,5453,7907
2012-09-24,Winter,2012,Sep,0,Monday,1,Clear,0.514167,0.502513,0.492917,1001,6435,7436
2012-09-25,Winter,2012,Sep,0,Tuesday,1,Clear,0.55,0.544179,0.57,845,6693,7538
2012-09-26,Winter,2012,Sep,0,Wednesday,1,Clear,0.635,0.596613,0.630833,787,6946,7733
2012-09-27,Winter,2012,Sep,0,Thursday,1,Misty,0.65,0.607975,0.690833,751,6642,7393
2012-09-28,Winter,2012,Sep,0,Friday,1,Misty,0.619167,0.585863,0.69,1045,6370,7415
2012-09-29,Winter,2012,Sep,0,Saturday,0,Clear,0.5425,0.530296,0.542917,2589,5966,8555
2012-09-30,Winter,2012,Sep,0,Sunday,0,Clear,0.526667,0.517663,0.583333,2015,4874,6889
2012-10-01,Winter,2012,Oct,0,Monday,1,Misty,0.520833,0.512,0.649167,763,6015,6778
2012-10-02,Winter,2012,Oct,0,Tuesday,1,Light Snow,0.590833,0.542333,0.871667,315,4324,4639
2012-10-03,Winter,2012,Oct,0,Wednesday,1,Misty,0.6575,0.599133,0.79375,728,6844,7572
2012-10-04,Winter,2012,Oct,0,Thursday,1,Misty,0.6575,0.607975,0.722917,891,6437,7328
2012-10-05,Winter,2012,Oct,0,Friday,1,Clear,0.615,0.580187,0.6275,1516,6640,8156
2012-10-06,Winter,2012,Oct,0,Saturday,0,Clear,0.554167,0.538521,0.664167,3031,4934,7965
2012-10-07,Winter,2012,Oct,0,Sunday,0,Misty,0.415833,0.419813,0.708333,781,2729,3510
2012-10-08,Winter,2012,Oct,1,Monday,0,Misty,0.383333,0.387608,0.709583,874,4604,5478
2012-10-09,Winter,2012,Oct,0,Tuesday,1,Misty,0.446667,0.438112,0.761667,601,5791,6392
2012-10-10,Winter,2012,Oct,0,Wednesday,1,Clear,0.514167,0.503142,0.630833,780,6911,7691
2012-10-11,Winter,2012,Oct,0,Thursday,1,Clear,0.435,0.431167,0.463333,834,6736,7570
2012-10-12,Winter,2012,Oct,0,Friday,1,Clear,0.4375,0.433071,0.539167,1060,6222,7282
2012-10-13,Winter,2012,Oct,0,Saturday,0,Clear,0.393333,0.391396,0.494583,2252,4857,7109
2012-10-14,Winter,2012,Oct,0,Sunday,0,Clear,0.521667,0.508204,0.640417,2080,4559,6639
2012-10-15,Winter,2012,Oct,0,Monday,1,Misty,0.561667,0.53915,0.7075,760,5115,5875
2012-10-16,Winter,2012,Oct,0,Tuesday,1,Clear,0.468333,0.460846,0.558333,922,6612,7534
2012-10-17,Winter,2012,Oct,0,Wednesday,1,Clear,0.455833,0.450108,0.692917,979,6482,7461
2012-10-18,Winter,2012,Oct,0,Thursday,1,Misty,0.5225,0.512625,0.728333,1008,6501,7509
2012-10-19,Winter,2012,Oct,0,Friday,1,Misty,0.563333,0.537896,0.815,753,4671,5424
2012-10-20,Winter,2012,Oct,0,Saturday,0,Clear,0.484167,0.472842,0.572917,2806,5284,8090
2012-10-21,Winter,2012,Oct,0,Sunday,0,Clear,0.464167,0.456429,0.51,2132,4692,6824
2012-10-22,Winter,2012,Oct,0,Monday,1,Clear,0.4875,0.482942,0.568333,830,6228,7058
2012-10-23,Winter,2012,Oct,0,Tuesday,1,Clear,0.544167,0.530304,0.641667,841,6625,7466
2012-10-24,Winter,2012,Oct,0,Wednesday,1,Clear,0.5875,0.558721,0.63625,795,6898,7693
2012-10-25,Winter,2012,Oct,0,Thursday,1,Misty,0.55,0.529688,0.800417,875,6484,7359
2012-10-26,Winter,2012,Oct,0,Friday,1,Misty,0.545833,0.52275,0.807083,1182,6262,7444
2012-10-27,Winter,2012,Oct,0,Saturday,0,Misty,0.53,0.515133,0.72,2643,5209,7852
2012-10-28,Winter,2012,Oct,0,Sunday,0,Misty,0.4775,0.467771,0.694583,998,3461,4459
2012-10-29,Winter,2012,Oct,0,Monday,1,Light Snow,0.44,0.4394,0.88,2,20,22
2012-10-30,Winter,2012,Oct,0,Tuesday,1,Misty,0.318182,0.309909,0.825455,87,1009,1096
2012-10-31,Winter,2012,Oct,0,Wednesday,1,Misty,0.3575,0.3611,0.666667,419,5147,5566
2012-11-01,Winter,2012,Nov,0,Thursday,1,Misty,0.365833,0.369942,0.581667,466,5520,5986
2012-11-02,Winter,2012,Nov,0,Friday,1,Clear,0.355,0.356042,0.522083,618,5229,5847
2012-11-03,Winter,2012,Nov,0,Saturday,0,Misty,0.343333,0.323846,0.49125,1029,4109,5138
2012-11-04,Winter,2012,Nov,0,Sunday,0,Clear,0.325833,0.329538,0.532917,1201,3906,5107
2012-11-05,Winter,2012,Nov,0,Monday,1,Clear,0.319167,0.308075,0.494167,378,4881,5259
2012-11-06,Winter,2012,Nov,0,Tuesday,1,Clear,0.280833,0.281567,0.567083,466,5220,5686
2012-11-07,Winter,2012,Nov,0,Wednesday,1,Misty,0.295833,0.274621,0.5475,326,4709,5035
2012-11-08,Winter,2012,Nov,0,Thursday,1,Clear,0.352174,0.341891,0.333478,340,4975,5315
2012-11-09,Winter,2012,Nov,0,Friday,1,Clear,0.361667,0.355413,0.540833,709,5283,5992
2012-11-10,Winter,2012,Nov,0,Saturday,0,Clear,0.389167,0.393937,0.645417,2090,4446,6536
2012-11-11,Winter,2012,Nov,0,Sunday,0,Clear,0.420833,0.421713,0.659167,2290,4562,6852
2012-11-12,Winter,2012,Nov,1,Monday,0,Clear,0.485,0.475383,0.741667,1097,5172,6269
2012-11-13,Winter,2012,Nov,0,Tuesday,1,Misty,0.343333,0.323225,0.662917,327,3767,4094
2012-11-14,Winter,2012,Nov,0,Wednesday,1,Clear,0.289167,0.281563,0.552083,373,5122,5495
2012-11-15,Winter,2012,Nov,0,Thursday,1,Misty,0.321667,0.324492,0.620417,320,5125,5445
2012-11-16,Winter,2012,Nov,0,Friday,1,Clear,0.345,0.347204,0.524583,484,5214,5698
2012-11-17,Winter,2012,Nov,0,Saturday,0,Clear,0.325,0.326383,0.545417,1313,4316,5629
2012-11-18,Winter,2012,Nov,0,Sunday,0,Clear,0.3425,0.337746,0.692917,922,3747,4669
2012-11-19,Winter,2012,Nov,0,Monday,1,Misty,0.380833,0.375621,0.623333,449,5050,5499
2012-11-20,Winter,2012,Nov,0,Tuesday,1,Misty,0.374167,0.380667,0.685,534,5100,5634
2012-11-21,Winter,2012,Nov,0,Wednesday,1,Clear,0.353333,0.364892,0.61375,615,4531,5146
2012-11-22,Winter,2012,Nov,1,Thursday,0,Clear,0.34,0.350371,0.580417,955,1470,2425
2012-11-23,Winter,2012,Nov,0,Friday,1,Clear,0.368333,0.378779,0.56875,1603,2307,3910
2012-11-24,Winter,2012,Nov,0,Saturday,0,Clear,0.278333,0.248742,0.404583,532,1745,2277
2012-11-25,Winter,2012,Nov,0,Sunday,0,Clear,0.245833,0.257583,0.468333,309,2115,2424
2012-11-26,Winter,2012,Nov,0,Monday,1,Clear,0.313333,0.339004,0.535417,337,4750,5087
2012-11-27,Winter,2012,Nov,0,Tuesday,1,Misty,0.291667,0.281558,0.786667,123,3836,3959
2012-11-28,Winter,2012,Nov,0,Wednesday,1,Clear,0.296667,0.289762,0.50625,198,5062,5260
2012-11-29,Winter,2012,Nov,0,Thursday,1,Clear,0.28087,0.298422,0.555652,243,5080,5323
2012-11-30,Winter,2012,Nov,0,Friday,1,Clear,0.298333,0.323867,0.649583,362,5306,5668
2012-12-01,Winter,2012,Dec,0,Saturday,0,Misty,0.298333,0.316904,0.806667,951,4240,5191
2012-12-02,Winter,2012,Dec,0,Sunday,0,Misty,0.3475,0.359208,0.823333,892,3757,4649
2012-12-03,Winter,2012,Dec,0,Monday,1,Clear,0.4525,0.455796,0.7675,555,5679,6234
2012-12-04,Winter,2012,Dec,0,Tuesday,1,Clear,0.475833,0.469054,0.73375,551,6055,6606
2012-12-05,Winter,2012,Dec,0,Wednesday,1,Clear,0.438333,0.428012,0.485,331,5398,5729
2012-12-06,Winter,2012,Dec,0,Thursday,1,Clear,0.255833,0.258204,0.50875,340,5035,5375
2012-12-07,Winter,2012,Dec,0,Friday,1,Misty,0.320833,0.321958,0.764167,349,4659,5008
2012-12-08,Winter,2012,Dec,0,Saturday,0,Misty,0.381667,0.389508,0.91125,1153,4429,5582
2012-12-09,Winter,2012,Dec,0,Sunday,0,Misty,0.384167,0.390146,0.905417,441,2787,3228
2012-12-10,Winter,2012,Dec,0,Monday,1,Misty,0.435833,0.435575,0.925,329,4841,5170
2012-12-11,Winter,2012,Dec,0,Tuesday,1,Misty,0.353333,0.338363,0.596667,282,5219,5501
2012-12-12,Winter,2012,Dec,0,Wednesday,1,Misty,0.2975,0.297338,0.538333,310,5009,5319
2012-12-13,Winter,2012,Dec,0,Thursday,1,Clear,0.295833,0.294188,0.485833,425,5107,5532
2012-12-14,Winter,2012,Dec,0,Friday,1,Clear,0.281667,0.294192,0.642917,429,5182,5611
2012-12-15,Winter,2012,Dec,0,Saturday,0,Clear,0.324167,0.338383,0.650417,767,4280,5047
2012-12-16,Winter,2012,Dec,0,Sunday,0,Misty,0.3625,0.369938,0.83875,538,3248,3786
2012-12-17,Winter,2012,Dec,0,Monday,1,Misty,0.393333,0.4015,0.907083,212,4373,4585
2012-12-18,Winter,2012,Dec,0,Tuesday,1,Clear,0.410833,0.409708,0.66625,433,5124,5557
2012-12-19,Winter,2012,Dec,0,Wednesday,1,Clear,0.3325,0.342162,0.625417,333,4934,5267
2012-12-20,Winter,2012,Dec,0,Thursday,1,Misty,0.33,0.335217,0.667917,314,3814,4128
2012-12-21,Spring,2012,Dec,0,Friday,1,Misty,0.326667,0.301767,0.556667,221,3402,3623
2012-12-22,Spring,2012,Dec,0,Saturday,0,Clear,0.265833,0.236113,0.44125,205,1544,1749
2012-12-23,Spring,2012,Dec,0,Sunday,0,Clear,0.245833,0.259471,0.515417,408,1379,1787
2012-12-24,Spring,2012,Dec,0,Monday,1,Misty,0.231304,0.2589,0.791304,174,746,920
2012-12-25,Spring,2012,Dec,1,Tuesday,0,Misty,0.291304,0.294465,0.734783,440,573,1013
2012-12-26,Spring,2012,Dec,0,Wednesday,1,Light Snow,0.243333,0.220333,0.823333,9,432,441
2012-12-27,Spring,2012,Dec,0,Thursday,1,Misty,0.254167,0.226642,0.652917,247,1867,2114
2012-12-28,Spring,2012,Dec,0,Friday,1,Misty,0.253333,0.255046,0.59,644,2451,3095
2012-12-29,Spring,2012,Dec,0,Saturday,0,Misty,0.253333,0.2424,0.752917,159,1182,1341
2012-12-30,Spring,2012,Dec,0,Sunday,0,Clear,0.255833,0.2317,0.483333,364,1432,1796
2012-12-31,Spring,2012,Dec,0,Monday,1,Misty,0.215833,0.223487,0.5775,439,2290,2729
